5.679347246733927879e-01 6.602868358889282252e-01 2.166735160814165617e+00 4.760246465855700215e+00
9.304535082312102023e-01 7.737355557071707857e-01 3.215712475363011080e+00 2.796654189767648013e+00
6.058923501193547168e-01 5.850591431432107248e-01 2.730365842229166784e+00 3.225903083542073002e+00
6.378891989111927785e-01 1.208371975100472895e+00 2.796478963919745819e+00 3.284543053187645256e+01
8.256744676967883168e-01 1.283438589094069160e+00 3.310182207942736543e+00 3.084718321673891595e+01
7.933322283873760483e-01 9.248266371221453008e-01 1.790287672070617564e+00 6.443358454129684887e+00
6.935685044588131287e-01 8.321641799946339901e-01 2.754861054030075085e+00 6.130951755169503414e+00
6.447234437161525333e-01 7.587394610801053707e-01 2.202450782963837561e+00 3.663563422218570675e+00
9.444195317502636078e-01 9.378326756544286269e-01 4.623207457766596917e+00 5.665632292991141128e+00
6.375715182929757585e-01 7.595520564007478548e-01 1.476077955669587549e+00 1.808008487696374011e+00
