5.679347246733927879e-01 6.602868358889282252e-01 2.166735160814165617e+00 4.760246465855700215e+00
9.304535082312102023e-01 7.737355557071707857e-01 3.215712475363011080e+00 2.796654189767648013e+00
6.058923501193547168e-01 5.850591431432107248e-01 2.730365842229166784e+00 3.225903083542073002e+00
6.378891989111927785e-01 1.208371975100472895e+00 2.796478963919745819e+00 3.284543053187645256e+01
8.256744676967883168e-01 1.283438589094069160e+00 3.310182207942736543e+00 3.084718321673891595e+01
7.933322283873760483e-01 9.248266371221453008e-01 1.790287672070617564e+00 6.443358454129684887e+00
6.935685044588131287e-01 8.321641799946339901e-01 2.754861054030075085e+00 6.130951755169503414e+00
6.447234437161525333e-01 7.587394610801053707e-01 2.202450782963837561e+00 3.663563422218570675e+00
9.444195317502636078e-01 9.378326756544286269e-01 4.623207457766596917e+00 5.665632292991141128e+00
6.375715182929757585e-01 7.595520564007478548e-01 1.476077955669587549e+00 1.808008487696374011e+00
1.120048545707943877e+00 1.823510214209980385e+00 3.197889151206359415e+00 3.326442940345590671e+01
7.539154130881330351e-01 6.301471566760470377e-01 7.991668305507946712e+00 3.352254797810785281e+00
6.048183106308535617e-01 1.714055732724448111e+00 2.293663007372542140e+00 3.360750799566501001e+01
7.855571545649013832e-01 1.183601521299308734e+00 2.855737686640923201e+00 4.474978643436082137e+01
6.518039622680739109e-01 6.754024589261703460e-01 2.064134048120251919e+00 4.894863959495387107e+00
7.589489154104377411e-01 6.309393023294547209e-01 5.623482325559360007e+00 2.582492977317296656e+00
6.940991913926752854e-01 5.998990810244735350e-01 5.175199315755419249e+00 4.052557016337145157e+00
5.158807956320998755e-01 5.327172819250809432e-01 1.845896897683164894e+00 4.416339509083893944e+00
7.763692986799245466e-01 1.006478156280697700e+00 2.846802875049116111e+00 1.316783092446787862e+01
7.659219699762873645e-01 7.866720885288752685e-01 2.748974457044830011e+00 3.710894525055175031e+00
7.311883631574053188e-01 7.814420313094824211e-01 2.207401900316137144e+00 4.147870927391164031e+00
1.029205791169069073e+00 1.482117899238164282e+00 2.999630016115477638e+00 1.696740942788492745e+01
6.076112616752934459e-01 6.653294453607280223e-01 2.051554932442057222e+00 6.011570325095711986e+00
8.507588079296329875e-01 9.846206422459398144e-01 4.913550467617922024e+00 7.333561093005585896e+00
1.032892077422176147e+00 9.916479667246020924e-01 3.421550037610482153e+00 1.289626113215595637e+01
5.795656649993069509e-01 6.417807294599778833e-01 1.695519878308311412e+00 3.613692197091989300e+00
6.211965707553964711e-01 6.664883627964477419e-01 4.867276448028557745e+00 3.936961620177096499e+00
8.350130984740364859e-01 9.068959627984395366e-01 3.299513753475323607e+00 3.898388859713969978e+00
1.072239826301915722e+00 1.047258812711542308e+00 3.369097005018119262e+00 6.330453724820475969e+00
7.375232684811471318e-01 9.290647916021906871e-01 2.899112879545810539e+00 5.905490936491247567e+00
9.619724987569346908e-01 1.611359058178869708e+00 3.109458283398884415e+00 4.079063625400261373e+01
9.899047469360855445e-01 1.919522742076265498e+00 8.719409136797462878e+00 3.519775014321195528e+01
5.742863974708981578e-01 6.324354743762399256e-01 1.868985084546716635e+00 2.264371628365320355e+00
7.980297582388072852e-01 9.263397402712932882e-01 3.091712239180324673e+00 6.392068482009843677e+00
6.151840128266499175e-01 6.265638171456695549e-01 1.771539579005569465e+00 2.088309721652258588e+00
5.188071172125625630e-01 6.153448970721251410e-01 1.570815431970174370e+00 1.964292067659877183e+00
7.274086282756182520e-01 1.621715971774516873e+00 2.053657465807668281e+00 2.920548814162240348e+01
7.545735184140640595e-01 8.333511305630536548e-01 4.968327857574158735e+00 3.909899421164581668e+00
1.138805610443315519e+00 1.021342160571765412e+00 3.225343835899572742e+00 3.054294280479249224e+00
6.605207883913167821e-01 1.114181306844964414e+00 2.492591308067740652e+00 3.980088213741853309e+01
7.814075687702036754e-01 6.644748994924732921e-01 1.801179413323507728e+00 2.499542736328295600e+00
8.484366323710181845e-01 1.054086338864661077e+00 2.647953740225586827e+00 1.926842606255922519e+01
7.922658583400489229e-01 8.565286306458014254e-01 2.452034868739926488e+00 5.165914615268546228e+00
7.533220015272045211e-01 1.475971868909988993e+00 2.087870982145945575e+00 2.388674147814582582e+01
9.104785478383740083e-01 1.034757782710198803e+00 2.684830271430365567e+00 7.953124841931847655e+00
7.463149441808440976e-01 7.047239371720597223e-01 2.334342144229179183e+00 3.157862299396101413e+00
6.616577958889422462e-01 9.703418267080968773e-01 2.046880444428421875e+00 6.815581084348611540e+00
5.304216201232222483e-01 7.180753013757719128e-01 2.321142304728735173e+00 3.406803575438372178e+01
7.943827485183234671e-01 1.357336434137768721e+00 2.636181987215680422e+00 2.291737996961022361e+01
6.932464281872043887e-01 5.892837989149772859e-01 2.428648395968934892e+00 2.151266124728736351e+00
4.917898167192636949e-01 5.539461778194185726e-01 1.525205364181132062e+00 2.200624214305415549e+00
1.179100583645034561e+00 1.776328718585179489e+00 3.057805398442535072e+00 2.871950023284179565e+01
7.007434416348449213e-01 2.039405107246264226e+00 2.846357633501363171e+00 5.245131279285090642e+01
6.822165951605200229e-01 6.008482190614654606e-01 2.483670418798891610e+00 8.747475743513783542e+00
1.111205761364150391e+00 1.407491993520715301e+00 4.125849067639167700e+00 3.589748399762314524e+00
4.938985349487953758e-01 4.610223249640613141e-01 2.414002432350207172e+00 4.711768608258037005e+00
1.190456438062239330e+00 2.823550921372978806e+00 3.455334364120852264e+00 4.165588130973346637e+01
8.106458740762987336e-01 1.431253885201525078e+00 3.137714875012922011e+00 3.012848546604097422e+01
5.584222858709214643e-01 5.913355725692878151e-01 2.148167508040557561e+00 4.685250834575487744e+00
9.254330259755800814e-01 1.310858262681998676e+00 2.864078925844930179e+00 3.790994732007802526e+01
1.196723046761786868e+00 1.876530503116064397e+00 1.348566121358633119e+01 4.400729132460103443e+01
6.722021057076532635e-01 6.338300248415464910e-01 2.550995838067600552e+00 3.328766144301413377e+00
7.376074804039668420e-01 1.017781115900995070e+00 2.433244263232534621e+00 2.481728938657788319e+01
9.433221400701899961e-01 1.172274893533674200e+00 3.368594089113661205e+00 5.651478122165315199e+00
5.694578082539745179e-01 5.327987542588313863e-01 1.835398535189318281e+00 2.444397012120896662e+00
5.412131110747171459e-01 2.147184756786690851e+00 1.874040490723017705e+00 4.632939086457726319e+01
9.186619860072053889e-01 1.071899797444825664e+00 3.529109216471399968e+00 8.585711157216760370e+00
5.971542634861548571e-01 6.321583371707848453e-01 2.100718912762724599e+00 3.669722997245138174e+00
8.864897672026332831e-01 9.215512826506838673e-01 3.329060115420653609e+00 1.321589908973474436e+01
8.916184560561928318e-01 1.202827616335624628e+00 3.106778912198093767e+00 8.112517667799190590e+00
1.078238267547934282e+00 1.398387318120554168e+00 5.564790951395815810e+00 2.774308556634247580e+01
4.733955155662225023e-01 5.635601812504701380e-01 2.313049657966332440e+00 5.647586662479915809e+00
8.206361979546854535e-01 9.110046117956276390e-01 2.095100730184760618e+00 4.348611034592342328e+00
6.168364786509664688e-01 7.610892024488059571e-01 2.100697942089017722e+00 3.516875143681900795e+00
5.192398620702339818e-01 4.900112259519076030e-01 1.538324265591789697e+00 1.909048503423127485e+00
1.105366753604110297e+00 1.184736439931869834e+00 5.534388116868062646e+00 3.601487889761610717e+00
8.337005406877145974e-01 9.358433464617968989e-01 2.511751257432763840e+00 3.424688391904619600e+00
7.789352797864422806e-01 6.938194678903758517e-01 2.621562970742188803e+00 2.581273945539607872e+00
5.892930275830854381e-01 7.418343232678709098e-01 2.218550405227598166e+00 1.014476981337393013e+01
6.860612542792650093e-01 6.801160257372790285e-01 2.874766767237951992e+00 2.643462033927729937e+00
5.551195790301259869e-01 1.025086519059899670e+00 2.985126574153590173e+00 3.346503883525413414e+01
9.600187589477209293e-01 1.092658138086163300e+00 3.628422825955250453e+00 6.676513390560131711e+00
8.857713153434957354e-01 8.352903589880015245e-01 2.362000828174950495e+00 2.204658772838189229e+00
7.823642859203989719e-01 8.378399179888056381e-01 2.709617294538059440e+00 1.537702052194477531e+01
6.581490267054375121e-01 2.211252812978357518e+00 3.098213109533915155e+00 2.882171022677453465e+01
1.451286645578463208e+00 1.467916544513848898e+00 3.702043689653238712e+00 1.512189159824304596e+01
6.557601450395409426e-01 6.650236848589012872e-01 2.093910148097341661e+00 2.582348457623955262e+00
7.351152594687607733e-01 7.906166102391185557e-01 2.553919635641293429e+00 6.758781191943263877e+00
8.128805973185466716e-01 7.827105473215961728e-01 4.265805621343841558e+00 3.893193827603838475e+00
4.682091492535714328e-01 5.345958241015488221e-01 1.777349604580203302e+00 2.544879131020422847e+00
8.413599605233331724e-01 1.087913192903709803e+00 3.140258024462173836e+00 1.369073746634885147e+01
7.674583974101045758e-01 1.140420845197158695e+00 2.627845471330309657e+00 8.853294221574264711e+00
1.104519075689744279e+00 9.982522531339615979e-01 2.913078861764879512e+00 1.042660966300586090e+01
4.740645496826244032e-01 5.558986305457092048e-01 1.951074014305233639e+00 3.053794884117960073e+00
4.812102764801636789e-01 6.217843547087699152e-01 2.849349139589548496e+00 2.918263946480480797e+01
7.588920553435364313e-01 9.395875700350221349e-01 2.343565046779826577e+00 1.973943403541661112e+01
1.014890615206139435e+00 1.166142950304437154e+00 3.866353303802517960e+00 4.680330190175567395e+00
5.919721760143694667e-01 5.837470051703689267e-01 2.122893411372849481e+00 2.156759645035649875e+00
6.289513521870999657e-01 1.611122779339540179e+00 1.989701655042966255e+00 2.784427378300891576e+01
6.170596752620290948e-01 9.534940950516418434e-01 2.736733017091184550e+00 2.817000970124020398e+01
1.126035414435727189e+00 1.352139376773217716e+00 5.300694895882611668e+00 1.734824966775686406e+01
4.583549451956390741e-01 4.576220643414306011e-01 1.744732313387164613e+00 8.344121300581360146e+00
5.292687866870506852e-01 5.589172304875787978e-01 2.099485888755822316e+00 5.851406427958268708e+00
9.603014444831334817e-01 1.426205103468485946e+00 3.350305485632051994e+00 3.923612822738770234e+01
6.000352358751468440e-01 6.141197856397221377e-01 1.976540420638533302e+00 3.361473192753235750e+00
5.619183840566883692e-01 8.542096855601228889e-01 2.742212550082727240e+00 3.129551525602116158e+01
9.254480726797965628e-01 1.046010603144623019e+00 2.639599245913919034e+00 4.679833528320353153e+00
7.733652523896243913e-01 1.049362029801996776e+00 2.620608041762662488e+00 5.230592580107858325e+00
8.507213671756095330e-01 7.023180319269448635e-01 2.915408990527343036e+00 3.668903294023705186e+00
1.148925171502086506e+00 1.098296183038279361e+00 4.655053475123123619e+00 3.663377991021179003e+00
