6.985977897255224445e-01 8.452173989725406678e-01 2.499545900603574289e+00 4.788594975456454961e+00
8.762582248507375660e-01 9.427201701038518955e-01 4.227159537033635672e+00 2.442432166275819938e+00
6.207185305033446898e-01 7.371908990999666011e-01 2.576007068673050515e+00 3.612367545967492433e+00
7.505143226725369265e-01 1.544685067980519078e+00 3.173505371898107885e+00 3.310142208777666895e+01
1.058267169878771785e+00 1.623943940189755075e+00 3.256856225095777546e+00 3.137581142028109937e+01
1.008364772610792270e+00 1.224004859157934888e+00 2.829896388756444114e+00 7.692511394853502438e+00
7.502930415529027730e-01 9.309452865223000195e-01 2.375840878130224709e+00 6.039935770042292873e+00
7.281768062855200618e-01 8.207293370467430016e-01 2.382079369638244515e+00 4.259174587598733908e+00
9.570507173895661523e-01 9.807321224278814364e-01 5.396711568584787955e+00 5.600154207411195628e+00
6.982649612437372699e-01 8.921657719639093376e-01 2.207209554984407074e+00 3.619714972929928276e+00
1.122418485664527843e+00 1.885038200808335063e+00 3.226906369747279069e+00 3.332796267802841328e+01
9.542261822258226722e-01 8.779769152333949389e-01 8.035489545656940180e+00 3.875078491901787991e+00
8.319527896680747325e-01 2.064819471302988596e+00 3.209218195452697486e+00 3.494709487661931036e+01
9.136899982878653459e-01 1.335192887027704334e+00 3.208849559856366440e+00 4.485707467869867315e+01
7.762293620190940935e-01 8.279195999432754638e-01 2.551433420859241963e+00 5.256907331246711834e+00
7.305374858790883996e-01 7.353536931640907159e-01 5.613893875362366614e+00 2.656151047654039310e+00
9.116327113558494455e-01 9.970648298287722033e-01 4.917870954488038571e+00 3.974015899946331309e+00
6.181811288444102326e-01 7.572990637729251073e-01 2.445557655875138625e+00 4.881637287890817412e+00
1.055554151493854231e+00 1.191650022260120068e+00 3.081962200975793653e+00 1.332118182144765761e+01
9.478629847478600157e-01 9.546705398999731917e-01 3.690402823043113845e+00 3.769918426742132844e+00
7.491221996256213211e-01 7.848091586307117673e-01 2.195917863981418527e+00 4.071305339746942309e+00
1.029922986160859200e+00 1.625270040900470114e+00 3.177399756118690188e+00 1.686728150107370894e+01
8.585665090612597528e-01 1.011155470351299934e+00 2.768207346708356109e+00 6.810253033761805241e+00
9.149021053813590765e-01 9.895989363658266313e-01 4.329818708987176024e+00 8.398686786995657627e+00
1.105797731105201409e+00 1.241210782834464288e+00 4.167526883409074401e+00 1.306574039715147428e+01
7.157556701624822049e-01 8.244776618873743690e-01 2.615924211706648794e+00 5.097605352522070810e+00
6.433316703518864310e-01 7.280409344581342257e-01 5.073997964218199819e+00 4.479656882154140263e+00
9.225367118457934446e-01 8.821433297496182879e-01 3.480635261233848698e+00 3.643832165983658999e+00
1.136986624894593678e+00 1.177458936871981665e+00 3.890614075889557544e+00 7.612189960704836444e+00
1.080175780997729929e+00 1.286588023552821758e+00 3.219150833526996269e+00 7.098172123123794641e+00
9.742658247744301336e-01 1.679958853936631025e+00 3.217123108452530467e+00 4.095666390911662802e+01
1.115163309608954600e+00 2.075367926971587451e+00 7.949500917355031504e+00 3.652989578547676786e+01
6.204178101901688391e-01 6.733555138883956515e-01 1.921763624678650917e+00 1.924369229879288934e+00
9.149274406944002402e-01 1.136933041020323110e+00 3.256959292214726798e+00 7.476151351596472594e+00
6.366565205649242776e-01 6.200912109062790556e-01 1.927909927157240855e+00 1.646073742877062429e+00
4.903265266647545140e-01 5.408163547153819195e-01 1.720124104377512619e+00 2.134366846572311793e+00
1.118217901303818484e+00 2.168219759123295010e+00 3.202306333252241455e+00 3.097180776873693020e+01
9.080072629490785197e-01 9.482359880643491667e-01 5.144709076307997009e+00 3.916122318068637309e+00
1.142439636902497169e+00 1.072203282924331091e+00 3.339019249329142180e+00 2.207092246077396958e+00
9.041925833732109563e-01 1.489400625193584959e+00 3.419626978879475310e+00 4.025930204519438860e+01
8.144104750033095419e-01 8.167113550831277546e-01 2.354415179236867495e+00 1.981387892452212807e+00
1.017965192774807681e+00 1.226198772904282697e+00 3.179957042904350661e+00 1.948264356297770661e+01
9.935609220982837275e-01 1.097678047329658346e+00 3.368680231407999770e+00 4.574476804065479740e+00
7.954940114121930028e-01 1.387613284350845966e+00 3.184708852092112075e+00 2.534722739542563019e+01
9.718268649126642345e-01 1.234522491280056533e+00 3.423810099424581033e+00 8.264933099859788967e+00
7.420136189073966992e-01 8.496416294079073284e-01 2.596835469335341262e+00 2.403012587575108494e+00
9.842461377391712452e-01 1.367419656541903894e+00 3.059722476535373215e+00 9.787387661524322269e+00
6.219764928007943672e-01 7.442753786543403471e-01 3.213410792800045712e+00 3.478490449432711529e+01
9.532986890308433603e-01 1.529915408724599191e+00 3.198510142220557739e+00 2.379654642880947790e+01
6.953992764027837614e-01 7.726867413271416574e-01 3.277289470849686026e+00 2.162124500229638091e+00
5.549982845717079671e-01 6.729349164313579434e-01 2.207619793010207943e+00 2.965663978888553487e+00
1.587807698812286228e+00 2.261841065080198998e+00 3.222164511211644378e+00 3.046011313971902723e+01
8.681001023144366835e-01 2.047230615683480970e+00 3.190881121149205857e+00 5.252525727818385803e+01
8.728171894842968737e-01 9.547051421196195431e-01 2.944118979969519767e+00 9.029185331871339315e+00
9.062380090468459271e-01 9.960434093951433532e-01 3.505250660665948814e+00 3.815399969777753419e+00
6.883350589322734248e-01 8.427325271880886648e-01 2.763147861047498210e+00 4.876841449587127286e+00
1.142515352632658354e+00 2.817446385905324924e+00 3.238223651372758027e+00 4.179639588482824308e+01
9.267537098309315269e-01 1.889328440083313909e+00 3.332176619562609243e+00 3.101643511793082908e+01
6.954007800340814560e-01 7.867332174043729642e-01 2.592940720405367827e+00 4.954985519234552882e+00
7.829584634723347758e-01 1.281025611754483151e+00 3.179174849822086202e+00 3.795678165498769374e+01
1.495128497760664255e+00 2.225171729472373627e+00 1.350601270849054458e+01 4.399300439480265368e+01
7.561769899036318021e-01 8.014313789057800896e-01 1.949354195839415826e+00 2.389023087583570515e+00
9.236039974861710578e-01 1.163610599582977301e+00 3.184169184898352434e+00 2.593565663704736579e+01
9.509668854329323961e-01 1.030033437308701671e+00 3.392603455703843807e+00 4.997698178701543981e+00
4.844479093249867141e-01 5.714050673235130384e-01 1.934902969870980538e+00 2.554024756424070564e+00
7.737109357932321352e-01 2.455791251365222916e+00 3.196017451695892575e+00 4.759505818489501650e+01
1.135384754673408381e+00 1.317793746659367438e+00 4.795419122739442486e+00 8.641281897021878322e+00
6.260933380373651103e-01 6.184371227594693821e-01 2.423415225289357711e+00 4.517752013367803521e+00
9.894475623340009962e-01 1.144661852577801620e+00 4.441935665952334134e+00 1.271597690102439238e+01
1.036077942860954781e+00 1.351041310775165316e+00 2.873273810439222586e+00 8.339505435913565634e+00
1.058091597335498291e+00 1.396076423252174070e+00 5.811928510477121890e+00 2.768307518600379424e+01
7.287035053163015696e-01 6.886769488914979975e-01 2.408086994953412052e+00 5.905858387195770831e+00
9.496687154036458356e-01 1.068215454903869155e+00 2.852830964875540332e+00 5.069211883304815203e+00
7.669296774333974609e-01 8.440620755521822671e-01 2.612419829980113573e+00 5.585161232366794515e+00
8.490173735011373735e-01 9.240380330037843981e-01 2.729115859811273914e+00 2.650000941368841456e+00
1.046437719274886602e+00 1.053316373164810305e+00 4.538614058306836618e+00 4.478480704750602115e+00
8.282041604528841416e-01 1.015857424434587708e+00 2.203261194274039880e+00 3.054766946909378778e+00
9.131842468227968634e-01 1.006261307224306734e+00 2.871855939279391201e+00 2.401618756271722610e+00
8.881489411659849731e-01 9.528926756774789286e-01 3.030450838930863977e+00 1.091058974487400768e+01
7.861725998172741647e-01 8.480451175302263778e-01 3.301932619276429559e+00 2.333997861500521687e+00
7.703453155665318519e-01 1.421049169833322523e+00 3.196224674441460856e+00 3.358646368303509178e+01
1.099041874796632623e+00 1.247783684656155412e+00 4.061295312130273061e+00 6.600753077391855683e+00
7.346265921998226256e-01 8.704413668775834445e-01 2.242999523995521827e+00 2.862820308916769640e+00
1.048005916568925500e+00 1.201593571817747286e+00 3.914917848992535365e+00 1.611717212932316201e+01
8.966452297731031251e-01 2.500458307949372738e+00 3.185355863166940971e+00 2.938510071351726438e+01
1.118697788720391939e+00 1.191367619943478839e+00 3.600494027702729305e+00 1.694836768832816887e+01
7.592976711183634375e-01 7.475970440433200581e-01 2.625432360641599683e+00 2.536062785771888262e+00
8.405785369620352165e-01 9.336187525586667757e-01 2.763058700139009449e+00 6.708247904536090545e+00
8.378119647048033469e-01 8.833758782700027457e-01 4.047339229133185334e+00 3.505615298954520842e+00
5.596047338835311580e-01 7.431820192291338500e-01 2.120970998170240929e+00 3.336162707340792455e+00
8.736873895082929442e-01 1.110514733710545432e+00 3.114578105145552112e+00 1.347993173449058268e+01
1.088261305354433217e+00 1.573723232581236919e+00 2.985919682172310186e+00 8.962129623756318608e+00
1.088779073910082440e+00 1.240824486652733150e+00 2.995852785538164031e+00 1.102672157842844669e+01
6.224795450058121515e-01 7.255576816256478212e-01 2.088074183633141345e+00 2.732541100822911684e+00
6.908587346947685504e-01 8.995642027307481081e-01 3.191850064685509469e+00 2.908964114144163204e+01
8.871237488751722022e-01 1.112701439131294157e+00 3.176299557745831503e+00 2.090566776458572207e+01
8.900996423707683292e-01 9.091721507125892776e-01 4.000689956689087445e+00 3.599012959557691627e+00
7.666117547462226733e-01 8.121087893774973088e-01 2.417566152488660691e+00 2.702868082988187037e+00
7.612072151587929714e-01 1.683879893809253625e+00 3.195708008472793793e+00 2.886933536064334049e+01
8.787112433485091412e-01 1.449773518415351736e+00 3.159424441577697529e+00 2.850690090703324486e+01
1.271095121052708166e+00 1.502454623963888070e+00 6.224942341963950909e+00 1.797449824561832088e+01
8.950026666640383821e-01 1.060335919652605652e+00 2.980214529285476033e+00 9.904515171727389600e+00
5.707681886808568805e-01 7.430065218566040963e-01 2.609159464352155400e+00 6.263701703021322231e+00
9.287121006857463890e-01 1.399641447074781997e+00 3.196819932678896414e+00 4.075764106425577182e+01
8.971839782230627280e-01 1.029076535829934080e+00 2.288470125686081325e+00 4.218763599800931630e+00
6.204901479621869331e-01 9.240326192696561858e-01 3.435237355119600267e+00 3.167766109601719293e+01
1.088700949944994223e+00 1.182534887459397277e+00 3.301193376116448697e+00 4.325202153293660423e+00
1.041662522064409790e+00 1.110361471632723696e+00 2.775415303215147844e+00 6.434743291612655014e+00
9.435016833150581261e-01 1.029234482907772197e+00 3.929155655839841721e+00 2.735173059186724931e+00
1.446978005972276327e+00 1.411803590570511968e+00 4.439127041166171850e+00 4.177851697950265120e+00
